version 3
run Load90-0-20241209-00:33:16-37036
attr configname Load90
attr datetime 20241209-00:33:16
attr datetimef 20241209-003316
attr experiment Load90
attr inifile omnetpp.ini
attr iterationvars ""
attr iterationvarsd ""
attr iterationvarsf ""
attr measurement ""
attr network RadioSch2
attr processid 37036
attr repetition 0
attr replication #0
attr resultdir results
attr runnumber 0
attr seedset 0
config description "low job arrival rate"
config *.usersCount 10
config *.scheduler.nrOfChannels 30
config *.scheduler.schedulingPeriod 1ms
config **.user[*].generator.netwload 0.9
config **.user[*].generator.nrUsers 10
config **.user[*].generator.nrOfChannels 30
config **.user[*].generator.nrPackets 100
config network RadioSch2
config sim-time-limit 100s
config cpu-time-limit 300s

vector 0 RadioSch2.sink lifetime:vector ETV
attr recordingmode vector
attr title "Packet Lifetime"
attr unit s
vector 1 RadioSch2.sink hpLifetime:vector ETV
attr recordingmode vector
attr title "HP Packet Lifetime"
attr unit s
vector 2 RadioSch2.sink mpLifetime:vector ETV
attr recordingmode vector
attr title "MP Packet Lifetime"
attr unit s
vector 3 RadioSch2.sink lpLifetime:vector ETV
attr recordingmode vector
attr title "LP Packet Lifetime"
attr unit s
0	35	0.001	0.001
0	37	0.001	0.001
0	39	0.001	0.001
0	49	0.002	0.002
0	51	0.002	0.002
0	53	0.002	0.002
0	62	0.003	0.003
0	64	0.003	0.003
0	88	0.005	0.005
0	90	0.005	0.005
0	292	0.023	0.00259079679
0	376	0.03	0.000523166498
0	381	0.03	0.000844402223
0	407	0.032	0.00142635392
0	409	0.032	0.00486434061
0	432	0.034	0.000719985612
0	462	0.036	0.001806550686
0	522	0.041	0.0048145768
0	546	0.043	0.00017028013
0	595	0.047	0.000484045998
0	700	0.056	0.00058710795
0	725	0.058	0.000187022752
0	761	0.061	0.000552988418
0	810	0.065	0.002950825255
0	826	0.066	0.00082081197
0	882	0.07	0.001125769923
0	886	0.07	0.000408738733
0	905	0.072	0.002785891978
0	936	0.074	0.001720543115
0	954	0.076	0.003325838307
0	996	0.079	0.001046591444
0	1011	0.08	0.000871462824
0	1014	0.08	0.000400648936
0	1081	0.086	0.000879777387
0	1149	0.091	0.000365122354
0	1152	0.091	0.004011120468
0	1167	0.092	0.001519876448
0	1202	0.095	0.000160637611
0	1204	0.095	0.003135388132
0	1294	0.103	0.002833932693
0	1357	0.108	0.001187459469
0	1368	0.109	0.001573813245
0	1381	0.11	0.003359189986
0	1405	0.112	0.001575346919
0	1703	0.138	0.000180270678
0	1740	0.141	0.001731118288
0	1770	0.143	0.003614616794
0	1793	0.145	0.002414838853
0	1804	0.146	0.004190117763
0	2006	0.163	0.001058074447
0	2018	0.164	0.002247319519
0	2019	0.164	0.001045283425
0	2022	0.164	0.003741716931
0	2054	0.167	0.001871450963
0	2150	0.175	0.001805280703
0	2153	0.175	0.003029496388
0	2164	0.176	0.001909218091
0	2226	0.181	0.001966312533
0	2266	0.184	0.001592535471
0	2302	0.187	0.002140319258
0	2481	0.202	2.2777244e-05
0	2494	0.203	0.002264008488
0	2537	0.206	0.000468344638
0	2539	0.206	0.001528769994
0	2576	0.209	0.000640175741
0	2580	0.209	0.000547193762
0	2608	0.211	0.000850043549
0	2668	0.216	0.000301763963
0	2683	0.217	0.000170864271
0	2700	0.218	0.000751746607
0	2713	0.219	0.001134203689
0	2885	0.234	0.002805682542
0	2975	0.242	0.00059142265
0	3055	0.249	0.000794190965
0	3148	0.257	0.000592601424
0	3165	0.258	0.000651608058
0	3209	0.261	3.8139419e-05
0	3223	0.262	0.001138729257
0	3247	0.264	0.000616120703
0	3267	0.265	0.000615299146
0	3270	0.265	0.00354924466
0	3358	0.273	0.000389791895
0	3377	0.274	0.000819829821
0	3532	0.288	0.003464435278
0	3631	0.296	0.001197901583
0	3774	0.308	0.001579180795
0	3775	0.308	0.001392566504
0	3792	0.309	0.000740669926
0	3794	0.309	0.000119674707
0	3851	0.314	0.000382999229
0	3873	0.316	0.00072630797
0	3901	0.318	0.000925319404
0	3928	0.32	0.00192769554
0	3968	0.323	0.000805762318
0	4016	0.327	0.000921679594
0	4020	0.327	0.00099049931
0	4055	0.33	0.002664562068
0	4096	0.333	0.002141873681
0	4097	0.333	0.001791977873
0	4125	0.335	0.001294095392
0	4185	0.34	0.001329369579
0	4202	0.341	4.4916295e-05
0	4225	0.343	0.001466228999
0	4238	0.344	0.000893219189
0	4250	0.345	0.000501002772
0	4292	0.348	0.001331353681
0	4322	0.35	0.001390860195
0	4344	0.352	0.000566799748
0	4351	0.352	0.003732313964
0	4362	0.353	0.000667165287
0	4416	0.357	0.001322031308
0	4466	0.361	0.001480227039
0	4561	0.369	2.5297701e-05
0	4649	0.377	0.000478099945
0	4691	0.38	0.001857117673
0	4694	0.38	0.001108602792
0	4740	0.384	0.000513204375
0	4744	0.384	0.002392195885
0	4760	0.385	0.001837352337
0	4786	0.387	0.000539063938
0	4810	0.389	0.001660615695
0	4844	0.392	0.000703887135
0	4849	0.392	0.000272744119
0	4936	0.399	0.000873871688
0	4954	0.4	0.004526865272
0	4955	0.4	0.001558016034
0	4956	0.4	0.00096627757
0	4982	0.402	0.004059942914
0	4991	0.403	0.001122748178
0	5017	0.405	0.001826045247
0	5152	0.417	0.000964833349
0	5182	0.419	0.000719484817
0	5207	0.421	0.001273602065
0	5255	0.425	0.001275080281
0	5293	0.428	0.001866803259
0	5322	0.43	0.000428409355
0	5386	0.435	0.000502841343
0	5400	0.436	0.001971146146
0	5412	0.437	0.001262814271
0	5439	0.439	0.000212992515
0	5441	0.439	2.3441473e-05
0	5495	0.443	0.003735965043
0	5496	0.443	0.002841902286
0	5636	0.455	0.001131907826
0	5647	0.456	0.000295468993
0	5696	0.46	0.000244683377
0	5716	0.461	0.004079042736
0	5765	0.465	0.001523292187
0	5768	0.465	0.001312106407
0	5784	0.466	0.000981229422
0	5840	0.471	0.000529842657
0	5868	0.473	0.001197307617
0	5872	0.473	0.004962422994
0	6059	0.49	0.001540897879
0	6093	0.493	0.000218009054
0	6135	0.496	0.000605782516
0	6227	0.504	0.000646751252
0	6299	0.51	0.001567784921
0	6325	0.512	0.001102596815
0	6487	0.526	0.000578182206
0	6513	0.528	0.0033059937
0	6598	0.535	0.000203777762
0	6625	0.537	0.000521515717
0	6665	0.54	0.002171580643
0	6801	0.552	0.00093083702
0	6803	0.552	0.000538728552
0	6835	0.555	0.000720035929
0	6981	0.567	0.000225081288
0	6984	0.567	0.000867752011
0	7020	0.57	0.00161279948
0	7196	0.585	0.000290845532
0	7358	0.599	0.00141776811
0	7483	0.61	0.000469620352
0	7487	0.61	0.002161005292
0	7524	0.613	0.0001832489
0	7596	0.619	0.000322330981
0	7613	0.62	0.000391925222
0	7618	0.62	0.000697366519
0	7631	0.621	0.001352896673
0	7656	0.623	0.000706306691
0	7673	0.624	0.003445357152
0	7687	0.625	0.001758593331
0	7735	0.629	0.000601234649
0	7808	0.635	0.003554888925
0	7857	0.639	0.001582409659
0	7887	0.641	0.001597313245
0	7914	0.643	0.002880070903
0	7916	0.643	0.000476079575
0	8010	0.651	0.001859288729
0	8070	0.656	9.9796575e-05
0	8129	0.661	0.002560088898
0	8179	0.665	0.003427938194
0	8212	0.668	0.00025710113
0	8230	0.669	0.000684062152
0	8324	0.677	0.000136373616
0	8372	0.681	0.000653975152
0	8426	0.685	0.000473676396
0	8429	0.685	0.001717835165
0	8616	0.701	0.000302087665
0	8654	0.704	0.000571593391
0	8668	0.705	0.001051191329
0	8705	0.708	0.000369322191
0	8823	0.718	0.003984601188
0	8875	0.722	0.000586108002
0	8899	0.724	0.0027772164
0	8922	0.726	0.001465510981
0	8925	0.726	0.0004956905
0	8969	0.73	0.00092822148
0	9098	0.741	0.00079170691
0	9187	0.749	0.002049959351
0	9232	0.753	9.1910045e-05
0	9246	0.754	0.000621399993
0	9249	0.754	0.00024127051
0	9262	0.755	0.000343964385
0	9290	0.757	0.00086100252
0	9448	0.771	0.002675587711
0	9476	0.773	0.000316654753
0	9489	0.774	0.002569875511
0	9502	0.775	0.000228983085
0	9620	0.785	0.003843545134
0	9671	0.789	0.001055963024
0	9698	0.791	0.001370382637
0	9700	0.791	0.002438593749
0	9724	0.793	0.001607928575
0	9799	0.799	0.001483541896
0	9846	0.803	0.000479549916
0	9998	0.816	0.000387798833
0	10014	0.817	0.004663543549
0	10052	0.82	0.001937208366
0	10054	0.82	0.000502504133
0	10102	0.824	0.000132300466
0	10146	0.828	0.000608767754
0	10183	0.831	0.002839839961
0	10251	0.837	0.001997444098
0	10276	0.839	0.000705131752
0	10334	0.844	7.0632041e-05
0	10368	0.846	0.000497907007
0	10385	0.847	0.002951032678
0	10397	0.848	0.002321476625
0	10434	0.851	0.001004392487
0	10462	0.853	0.001971809377
0	10512	0.857	0.000115082933
0	10536	0.859	0.003389796728
0	10561	0.861	0.000374803303
0	10688	0.872	0.000731439475
0	10690	0.872	0.001745753895
0	10746	0.876	0.000463918939
0	10772	0.878	0.003958788486
0	10773	0.878	0.002502622135
0	10808	0.881	0.001995236664
0	10823	0.882	0.00036557003
0	10926	0.891	0.000984054385
0	10951	0.893	0.002759729483
0	11019	0.899	0.002664315381
0	11079	0.904	0.000378533242
0	11114	0.907	0.001907339224
0	11281	0.922	0.001588730154
0	11379	0.93	0.000785783675
0	11519	0.942	0.000296303542
0	11580	0.947	0.002002979436
0	11630	0.951	0.000713335457
0	11656	0.953	0.003414501258
0	11727	0.959	0.0011963145
0	11751	0.961	0.001834420506
0	11789	0.964	0.000296447032
0	11828	0.967	0.001421304309
0	12013	0.983	0.000679056878
0	12017	0.983	0.00255002064
0	12028	0.984	0.001849626885
0	12081	0.988	0.000288493951
0	12100	0.99	0.000574523771
0	12118	0.991	0.003023799902
0	12180	0.996	0.003032927529
0	12289	1.005	0.001307541067
0	12291	1.005	0.003490657056
0	12347	1.01	0.003038156309
0	12455	1.019	0.000269126066
0	12471	1.02	0.002647601006
0	12496	1.022	0.003498320343
0	12506	1.023	0.002570786023
0	12559	1.027	0.001632715431
0	12562	1.027	0.002569855319
0	12585	1.029	0.000407260882
0	12613	1.031	0.000431286651
0	12677	1.036	0.000860238318
0	12747	1.041	0.004455262909
0	12748	1.041	0.003817789027
0	12749	1.041	0.002240545277
0	12772	1.043	0.002814248798
0	12774	1.043	0.000375412252
0	12820	1.047	0.002138325526
0	12917	1.055	0.000423653638
0	12999	1.062	0.000275981062
0	13186	1.079	0.000890221194
0	13213	1.081	0.001395696971
0	13269	1.086	0.000965488024
0	13399	1.097	0.000789973461
0	13425	1.099	0.001625077444
0	13454	1.101	0.001999389701
0	13478	1.103	0.002675564552
0	13528	1.107	0.003761934457
0	13565	1.11	0.001668164423
0	13613	1.114	0.003600502654
0	13628	1.115	0.000112428212
0	13802	1.131	0.000651041623
0	13818	1.132	0.00133075435
0	13856	1.135	0.002514684219
0	13952	1.144	0.000836080358
0	13985	1.146	0.001208244876
0	14057	1.152	0.003282067454
0	14085	1.154	0.000187464153
0	14097	1.155	0.000182282845
0	14101	1.155	0.001384241683
0	14151	1.159	1.5718954e-05
0	14154	1.159	0.00052918744
0	14177	1.161	6.3675947e-05
0	14204	1.163	0.000267100958
0	14220	1.164	0.000434518355
0	14415	1.181	0.002193206489
0	14497	1.188	0.000201655594
0	14512	1.189	0.002172154446
0	14540	1.191	0.000698215792
0	14544	1.191	0.002228923878
0	14577	1.194	0.001368930156
0	14592	1.195	0.000101262896
0	14635	1.198	0.001336583353
0	14638	1.198	0.001022965963
0	14651	1.199	0.002990423288
0	14709	1.204	0.000636312472
0	14780	1.21	0.002864812733
0	14866	1.217	0.001094750438
0	14929	1.222	0.002796554026
0	14979	1.226	0.001239495413
0	15117	1.238	0.001526458234
0	15141	1.24	0.000480271721
0	15153	1.241	0.000403922851
0	15213	1.246	0.004125245799
0	15252	1.249	0.001639175574
0	15323	1.255	0.000670952805
0	15351	1.257	0.000534133457
0	15353	1.257	0.001393370672
0	15400	1.261	0.001825983626
0	15433	1.263	0.001798742677
0	15434	1.263	0.000769273076
0	15491	1.268	0.000811362832
0	15515	1.27	0.000302090652
0	15613	1.278	0.001876035458
0	15636	1.28	0.000750933289
0	15666	1.282	0.000432500912
0	15792	1.293	2.6223568e-05
0	15836	1.297	0.000875663565
0	15870	1.3	0.001008527544
0	15907	1.303	0.001367731411
0	15937	1.305	0.001247167741
0	15940	1.305	0.000308712039
0	15977	1.308	0.000752024472
0	16046	1.314	0.001599732305
0	16111	1.319	0.003824824194
0	16112	1.319	0.000376474711
0	16198	1.326	0.000695297076
0	16212	1.327	0.001098761671
0	16297	1.334	0.000173105006
0	16301	1.334	0.003698392854
0	16649	1.364	0.000542862735
0	16662	1.365	0.001724341544
0	16708	1.369	0.001129385284
0	16796	1.376	0.001341077692
0	16807	1.377	0.000530520411
0	16831	1.379	0.003263596291
0	16845	1.38	0.004455192
0	16857	1.381	0.000386439982
0	16959	1.39	0.000614345827
0	17037	1.396	0.001654945914
0	17052	1.397	0.002013387675
0	17067	1.398	0.002476370082
0	17079	1.399	0.003104960309
0	17100	1.401	0.003966705378
0	17167	1.407	0.000923298057
0	17203	1.41	0.000618914129
0	17282	1.416	0.002604517479
0	17292	1.417	0.001758843117
0	17329	1.42	0.000311330499
0	17355	1.422	0.000564505692
0	17436	1.429	0.00338343329
0	17451	1.43	0.000936637289
0	17526	1.436	0.000887482298
0	17609	1.443	6.5408501e-05
0	17774	1.457	0.00126264235
0	17824	1.461	0.002105811345
0	17825	1.461	0.001941994375
0	17856	1.463	0.000779862855
0	17858	1.463	0.001236773667
0	17871	1.464	0.001238365734
0	17930	1.469	0.000938336021
0	17948	1.47	0.000197957777
0	17963	1.471	0.002114362377
0	18005	1.474	0.000504589401
0	18027	1.476	0.00267298843
0	18055	1.478	0.00145680876
0	18126	1.484	0.000944085252
0	18175	1.488	9.3915111e-05
0	18190	1.489	0.004754453006
0	18226	1.492	0.000706129973
0	18306	1.499	0.000168466348
0	18395	1.506	0.002208983416
0	18454	1.511	0.000214633935
0	18522	1.516	0.001977075994
0	18534	1.517	0.001200879622
0	18620	1.524	0.002253092499
0	18639	1.526	0.002391684629
0	18665	1.528	0.002680292307
0	18773	1.537	0.00069911394
0	18776	1.537	0.004823382054
0	18822	1.541	0.000510603999
0	18907	1.548	0.001363160883
0	18934	1.55	4.4174018e-05
0	19075	1.562	0.001184773933
0	19079	1.562	0.001255246236
0	19103	1.564	0.00070524933
0	19107	1.564	0.001017580175
0	19285	1.58	0.001945839287
0	19309	1.582	0.002626098494
0	19347	1.585	0.002719452185
0	19348	1.585	0.001290122121
0	19359	1.586	0.000557657232
0	19422	1.591	8.0675308e-05
0	19449	1.593	0.000524095579
0	19510	1.598	0.001054947522
0	19546	1.601	0.000643503641
0	19611	1.606	0.001406721374
0	19648	1.609	0.000745934002
0	19650	1.609	0.000765704125
0	19689	1.612	0.000418906775
0	19713	1.614	0.003978908127
0	19774	1.619	0.000607450445
0	19813	1.622	0.000953110374
0	19828	1.623	0.001853604955
0	19874	1.627	0.001964959181
0	19901	1.629	0.000831592765
0	19902	1.629	0.000695630549
0	19996	1.637	0.000143928979
0	20062	1.642	0.003727423312
0	20084	1.644	0.000698416095
0	20107	1.646	0.004812355093
0	20169	1.651	0.000235869095
0	20172	1.651	0.00098231693
0	20281	1.66	0.001330730225
0	20285	1.66	0.003612633
0	20310	1.662	0.000706226093
0	20340	1.664	0.002545403798
0	20353	1.665	5.9230972e-05
0	20355	1.665	0.001209558771
0	20406	1.669	0.002637999341
0	20650	1.691	4.5607533e-05
0	20669	1.692	9.4911352e-05
0	20680	1.693	0.002357544548
0	20750	1.699	0.00162832448
0	20751	1.699	0.001587195531
0	20888	1.711	0.001914717715
0	20995	1.72	0.001566462224
0	21042	1.724	0.001106506745
0	21056	1.725	0.004912103941
0	21084	1.727	0.001256271204
0	21129	1.731	0.000936979603
0	21259	1.742	0.000873819648
0	21261	1.742	0.001331622382
0	21287	1.744	0.001980991182
0	21335	1.748	0.000356816486
0	21418	1.755	0.001380502952
0	21445	1.757	0.000425722965
0	21459	1.758	0.000971577855
0	21512	1.762	0.00084783609
0	21539	1.764	0.002969053214
0	21623	1.771	0.001719571697
0	21654	1.773	0.001724363004
0	21671	1.775	0.002129157091
0	21753	1.782	0.001829440233
0	21813	1.787	0.000880035023
0	21866	1.791	0.001188356327
0	21927	1.796	0.003531336906
0	21997	1.802	0.001752256201
0	22031	1.804	0.000733594855
0	22045	1.805	0.001911234307
0	22047	1.805	0.00129047858
0	22059	1.806	0.001404237114
0	22087	1.808	0.001256024695
0	22196	1.818	0.000956167256
0	22215	1.819	0.000794514285
0	22240	1.821	0.002440370922
0	22309	1.827	0.001084307259
0	22360	1.831	1.1454053e-05
0	22388	1.833	0.003830907333
0	22413	1.835	0.000154498248
0	22418	1.835	0.000293781966
0	22449	1.838	0.000527949479
0	22533	1.845	0.00114368106
0	22559	1.847	0.001193301225
0	22622	1.852	0.004335216359
0	22637	1.853	0.001869372631
0	22638	1.853	0.000712224224
0	22650	1.854	0.00016481909
0	22694	1.857	6.0022719e-05
0	22721	1.859	0.000715105199
0	22743	1.861	0.000961506576
0	22800	1.866	0.001485972834
0	22882	1.872	0.001979157592
0	22883	1.872	0.000542158234
0	22885	1.872	0.000600300334
0	22909	1.874	0.000743136095
0	22937	1.876	0.000645613028
0	23107	1.89	0.000341154257
0	23149	1.893	0.003056394452
0	23172	1.895	0.002811164689
0	23208	1.898	0.001953759176
0	23301	1.906	0.0016345268
0	23336	1.909	0.001306928097
0	23389	1.913	0.00190129267
0	23427	1.916	0.001094467565
0	23453	1.918	0.000534824444
0	23678	1.938	0.001692863438
0	23698	1.939	7.6165918e-05
0	23730	1.942	0.000797854283
0	23748	1.943	0.001727591888
0	23793	1.947	0.000523470252
0	23831	1.95	0.000495164108
0	23850	1.951	0.001884896704
0	23877	1.953	0.001689448004
0	23879	1.953	0.001256624276
0	23958	1.959	1.0943135e-05
0	23970	1.96	0.001178377744
0	23985	1.961	0.004439669739
0	23986	1.961	0.003685990837
0	24130	1.973	0.00011997619
0	24133	1.973	0.00106311597
0	24158	1.975	0.002088496299
0	24185	1.977	0.001570946619
0	24225	1.98	0.00135730272
0	24306	1.987	0.00014324667
0	24562	2.009	0.000567885122
0	24625	2.014	0.001964439935
0	24687	2.019	0.000474642634
0	24753	2.024	0.003905456885
0	24754	2.024	0.001407945012
0	24850	2.032	0.00148887876
0	24873	2.034	0.000843793707
0	24981	2.044	0.000277616819
0	25007	2.046	0.000321078807
0	25021	2.047	0.000598567021
0	25063	2.05	0.00097382718
0	25079	2.051	0.001822147681
0	25082	2.051	0.000555523058
0	25223	2.063	0.001945752162
0	25237	2.064	0.001493293419
0	25250	2.065	0.000927504164
0	25313	2.07	0.000581566872
0	25319	2.07	0.003098025796
0	25400	2.077	0.002680137424
0	25439	2.08	0.000232672705
0	25514	2.087	0.000165141759
0	25613	2.095	0.001905105278
0	25625	2.096	0.00142157044
0	25662	2.099	0.000694318944
0	25788	2.11	0.001268734686
0	25832	2.113	0.001585269841
0	25834	2.113	0.00117148452
0	25836	2.113	0.002736572667
0	25863	2.115	0.001592282254
0	25878	2.116	0.000405728661
0	25894	2.117	0.000411559077
0	25920	2.119	0.000646524722
0	25924	2.119	0.000736557842
0	25993	2.125	0.000977144511
0	26018	2.127	0.000460150668
0	26042	2.129	0.00027288337
0	26195	2.142	0.001583762775
0	26314	2.152	0.001040435646
0	26328	2.153	0.001487233801
0	26341	2.154	0.001470498545
0	26343	2.154	0.004287615313
0	26370	2.156	0.001168765927
0	26384	2.157	0.000385520278
0	26388	2.157	0.002774540016
0	26426	2.16	0.000797057741
0	26516	2.168	0.001107930986
0	26675	2.182	0.00099244558
0	26717	2.185	0.001273335616
0	26765	2.189	0.001897971061
0	26873	2.198	0.002749323415
0	26884	2.199	0.000251784031
0	26897	2.2	0.000591181724
0	26948	2.204	0.002058642865
0	27029	2.211	0.000294361708
0	27095	2.216	0.000407750528
0	27110	2.217	0.003713089627
0	27133	2.219	0.001515474982
0	27162	2.221	0.001882597912
0	27177	2.222	0.000992224682
0	27200	2.224	0.000492728173
0	27247	2.228	0.001202489797
0	27287	2.231	0.000486703661
0	27302	2.232	0.0016507902
0	27317	2.233	0.001867445277
0	27342	2.235	0.000319685248
0	27369	2.237	0.001864174756
0	27435	2.242	0.001632179631
0	27497	2.247	0.000604746031
0	27511	2.248	0.003792937888
0	27599	2.256	0.00295782867
0	27616	2.257	0.000408667832
0	27646	2.26	0.003333698893
0	27688	2.263	0.002974891199
0	27714	2.265	0.003835764468
0	27809	2.273	0.001806030758
0	27838	2.275	0.00088800318
0	27843	2.275	0.002418600999
0	27854	2.276	0.001334724539
0	27973	2.286	0.000152459689
0	28000	2.288	0.00197608923
0	28016	2.289	0.000993016865
0	28019	2.289	0.002680048419
0	28057	2.292	0.003165744212
0	28081	2.294	0.000570059666
0	28114	2.296	0.001498317019
0	28153	2.299	0.000885948225
0	28155	2.299	0.000402915303
0	28158	2.299	0.003669790564
0	28173	2.3	0.000403010895
0	28187	2.301	0.000849525999
0	28246	2.306	0.000185082308
0	28295	2.31	0.003733098532
0	28325	2.312	0.000733544149
0	28373	2.316	0.001346897111
0	28375	2.316	0.004518339437
0	28421	2.32	0.000348413414
0	28458	2.323	0.001629537232
0	28484	2.325	0.001914821245
0	28576	2.333	0.002051320078
0	28626	2.337	0.000591747118
0	28630	2.337	0.001898178955
0	28665	2.34	0.001311469243
0	28868	2.358	0.001866225519
0	28869	2.358	0.001203773809
0	28973	2.367	9.9848049e-05
0	28978	2.367	0.002155009444
0	29098	2.378	0.000194202323
0	29147	2.382	0.003237329585
0	29198	2.387	0.000910549132
0	29249	2.391	0.001859916564
0	29377	2.402	0.00399490691
0	29489	2.412	0.001209895818
0	29503	2.413	0.00039776968
0	29507	2.413	0.001495814689
0	29520	2.414	0.001869946922
0	29593	2.42	0.003691495394
0	29651	2.425	0.000430816116
0	29730	2.431	0.000148752881
0	29775	2.435	0.000984866646
0	29793	2.436	0.000672378162
0	29852	2.441	0.000140162059
0	29863	2.442	0.001421289971
0	29888	2.444	0.003279835893
0	29902	2.445	0.001436750178
0	29972	2.451	0.00059833488
0	30005	2.453	0.001658021118
0	30006	2.453	0.000549837162
0	30034	2.455	0.001482225278
0	30049	2.456	0.000798827672
0	30064	2.457	0.002704518663
0	30091	2.459	0.001878228618
0	30134	2.463	0.000350434724
0	30163	2.465	0.000980927772
0	30164	2.465	0.000691501905
0	30181	2.466	0.000400168841
0	30245	2.471	1.2275974e-05
0	30248	2.471	0.000974029317
0	30250	2.471	0.000607194879
0	30275	2.473	0.000608733877
0	30313	2.476	0.00140366664
0	30330	2.477	0.000679959041
0	30436	2.487	0.001486936622
0	30473	2.49	0.000330846563
0	30528	2.494	5.4080446e-05
0	30530	2.494	0.000796227623
0	30531	2.494	0.000517293967
0	30534	2.494	0.001427914874
0	30596	2.499	0.002162964206
0	30621	2.501	4.7813424e-05
0	30671	2.505	0.001769423884
0	30815	2.518	0.002250922686
0	30840	2.52	0.001836561928
0	30882	2.523	0.001288164011
0	30907	2.525	0.000549856986
0	30937	2.527	1.8708711e-05
0	30939	2.527	0.000564998896
0	31010	2.533	0.00230081203
0	31139	2.544	0.000918484245
0	31189	2.548	0.001243718864
0	31202	2.549	0.00302905427
0	31243	2.552	0.002702003242
0	31257	2.553	0.000432036736
0	31282	2.555	0.000789740241
0	31373	2.563	0.001463638466
0	31401	2.565	0.000273538324
0	31485	2.572	0.000304573136
0	31489	2.572	0.002516689731
0	31525	2.575	0.001054167205
0	31593	2.581	0.00088344564
0	31639	2.585	0.000225853588
0	31723	2.591	7.0099851e-05
0	31725	2.591	0.000218590529
0	31736	2.592	0.001864149274
0	31737	2.592	0.000123118219
0	31862	2.603	0.000615636433
0	31923	2.608	0.002220514632
0	31973	2.612	0.000398897362
0	32017	2.616	0.000720522236
0	32215	2.634	2.8775918e-05
0	32324	2.643	0.000805619569
0	32370	2.647	0.000691687493
0	32387	2.648	0.001225580789
0	32391	2.648	0.000149218354
0	32427	2.651	0.000971320593
0	32486	2.656	0.000855769296
0	32529	2.659	0.002306725661
0	32538	2.66	0.001662953641
0	32654	2.67	0.000964054831
0	32671	2.671	0.000329923529
0	32694	2.673	0.003135466687
0	32707	2.674	0.000681783763
0	32781	2.68	0.000642253607
0	32806	2.682	0.000870874631
0	32895	2.689	0.0009478957
0	32922	2.691	0.00272481855
0	32970	2.695	0.001390198493
0	33030	2.7	0.002363065198
0	33031	2.7	0.001034332028
0	33103	2.706	0.001610994528
0	33130	2.708	0.000714546353
0	33135	2.708	6.105399e-06
0	33195	2.713	0.000884789845
0	33220	2.715	0.001315371902
0	33249	2.717	8.0777855e-05
0	33286	2.72	0.000388331657
0	33299	2.721	0.002433223611
0	33341	2.724	0.001431372166
0	33393	2.728	0.000218067649
0	33405	2.729	0.001600939204
0	33445	2.732	0.000728987509
0	33462	2.733	0.000892476675
0	33523	2.738	0.000408934208
0	33547	2.74	0.000327737588
0	33565	2.741	0.000195059707
0	33612	2.745	0.000220279269
0	33639	2.747	0.000365073595
0	33670	2.749	0.002412497978
0	33762	2.758	0.002921160753
0	33791	2.76	0.000988148088
0	33795	2.76	0.001459619938
0	33808	2.761	0.002703412792
0	33909	2.769	0.002012173303
0	33911	2.769	0.001646156998
0	33912	2.769	0.00147238907
0	33930	2.771	0.000867485006
0	34020	2.778	0.000270970252
0	34047	2.78	0.003236700576
0	34058	2.781	0.000836351369
0	34077	2.782	0.000661587709
0	34092	2.783	0.003414837309
0	34102	2.784	0.004479591577
0	34137	2.787	0.005156018405
0	34189	2.791	0.001115655239
0	34192	2.791	0.002916062109
0	34213	2.793	0.000839424102
0	34296	2.8	0.00040346625
0	34334	2.803	0.001828490481
0	34369	2.806	0.002325223864
0	34458	2.814	0.000367583793
0	34595	2.826	0.000709352649
0	34899	2.852	0.001313047058
0	34949	2.856	0.000256129109
0	34955	2.856	0.003068374715
0	34979	2.858	0.000422707534
0	34993	2.859	0.001302858196
0	35065	2.865	0.000988353981
0	35104	2.868	0.001867601471
0	35131	2.87	0.000548103918
0	35223	2.878	0.002511561726
0	35307	2.885	0.001770235354
0	35324	2.886	0.001382301625
0	35337	2.887	0.001917970375
0	35368	2.889	0.000431200476
0	35381	2.89	0.000467899634
0	35382	2.89	0.000426041644
0	35396	2.891	0.000615427771
0	35463	2.896	0.000906303178
0	35509	2.9	0.000515062009
0	35544	2.903	0.000148282441
0	35608	2.908	0.002881067933
0	35619	2.909	0.000586225372
0	35655	2.912	0.000158045266
0	35687	2.914	0.001815221814
0	35702	2.915	0.002980977398
0	35739	2.918	0.001137943171
0	35766	2.92	0.001289813574
0	35803	2.923	5.5175516e-05
0	35887	2.93	0.000817249325
0	35936	2.934	0.000886977213
0	35938	2.934	0.00156355817
0	36073	2.946	4.9203116e-05
0	36077	2.946	0.00039202459
0	36115	2.949	0.001966671355
0	36118	2.949	0.002230855018
0	36154	2.952	0.00079511635
0	36203	2.956	2.7220883e-05
0	36279	2.962	0.001394299436
0	36291	2.963	0.000197250687
0	36332	2.966	0.001712767542
0	36542	2.984	0.000926393989
0	36591	2.988	0.001125246971
0	36649	2.993	0.001854804762
0	36688	2.996	0.000114748979
0	36702	2.997	0.000345570891
0	36729	2.999	0.000575183376
0	36779	3.003	0.001505755703
0	36819	3.006	0.001659868584
0	36821	3.006	0.00210403554
0	36848	3.008	0.001554027303
0	36887	3.011	0.001853042079
0	36980	3.019	0.001091705118
0	37037	3.024	0.002229366971
0	37063	3.026	0.001586575961
0	37160	3.034	0.000987398143
0	37183	3.036	0.002133352573
0	37256	3.043	0.000901854377
0	37306	3.047	0.000865338304
0	37336	3.049	1.9400427e-05
0	37350	3.05	0.000708409077
0	37352	3.05	0.000785848491
0	37368	3.051	0.00013700818
0	37490	3.061	0.001910793366
0	37504	3.062	0.00066204878
0	37519	3.063	0.000284735258
0	37581	3.068	0.001831706372
0	37620	3.071	0.001060822843
0	37667	3.075	0.001478732653
0	37704	3.078	0.002614619631
0	37742	3.081	0.000448359709
0	37770	3.083	0.002199986334
0	37794	3.085	0.002952487783
0	37813	3.086	0.001914435127
0	37837	3.088	0.000408871481
0	37852	3.089	0.003782755969
0	37981	3.1	0.000191665883
0	38039	3.105	0.000108255135
0	38079	3.108	0.000629939574
0	38085	3.108	8.7218734e-05
0	38112	3.11	0.001728043447
0	38124	3.111	0.001266625912
0	38192	3.116	0.002618437492
0	38193	3.116	0.000730905678
0	38326	3.128	0.001820668558
0	38327	3.128	0.000652199851
0	38383	3.133	0.000318288973
0	38410	3.135	0.000852359688
0	38453	3.138	0.001740914961
0	38480	3.14	0.000553603395
0	38483	3.14	0.002447371513
0	38496	3.141	0.000361629984
0	38526	3.143	0.001216299466
0	38537	3.144	0.000491594636
0	38586	3.148	6.595077e-05
0	38733	3.161	0.001156578112
0	38770	3.164	0.000752033497
0	38786	3.165	0.000687817948
0	38825	3.168	0.000599213701
0	38865	3.171	0.002798672124
0	38958	3.179	0.001190987044
0	38988	3.181	0.000670426202
0	38990	3.181	0.000898703757
0	38993	3.181	0.000419176545
0	39098	3.19	0.000573688553
0	39127	3.192	0.002801369814
0	39213	3.199	0.000804987337
0	39225	3.2	0.000229084175
0	39242	3.201	0.003133790616
0	39279	3.204	0.001511416333
0	39280	3.204	0.001222414211
0	39331	3.208	0.002210284528
0	39371	3.211	0.000964756417
0	39383	3.212	0.001326654697
0	39397	3.213	0.00228285831
0	39448	3.217	0.000407981687
0	39451	3.217	0.002428988308
0	39463	3.218	6.0610242e-05
0	39613	3.231	0.000710257731
0	39684	3.237	8.8790426e-05
0	39712	3.239	0.000773952379
0	39728	3.24	0.001326073916
0	39760	3.242	0.000751000362
0	39761	3.242	0.000228501467
0	39809	3.246	0.000112018016
0	39839	3.248	0.003001714023
0	39869	3.251	0.000250189287
0	39899	3.253	0.000246175434
0	39914	3.254	0.001032350495
0	39942	3.256	0.002748936308
0	39963	3.258	0.000332254022
0	39966	3.258	0.002616071988
0	40029	3.263	0.000228199964
0	40076	3.267	0.001010237314
0	40236	3.28	0.00385916634
0	40248	3.281	0.003283931565
0	40263	3.282	0.000165700964
0	40467	3.3	0.001572406338
0	40480	3.301	0.000156720826
0	40554	3.307	0.00085432896
0	40558	3.307	0.001184127979
0	40607	3.311	0.002822549412
0	40670	3.316	0.000809878752
0	40672	3.316	0.000863924119
0	40690	3.317	0.000533777214
0	40694	3.317	0.000153313607
0	40741	3.321	0.003173426656
0	40750	3.322	0.002721821452
0	40811	3.327	0.000154745537
0	40849	3.33	0.0001991947
0	40887	3.333	0.001140221846
0	40938	3.337	0.001525716059
0	40962	3.339	0.00078146319
0	41033	3.345	0.00041179406
0	41061	3.347	0.001439369743
0	41205	3.36	0.000760300759
0	41256	3.364	0.000662115137
0	41327	3.37	0.00189113738
0	41397	3.376	0.001042543489
0	41410	3.377	0.000237036171
0	41447	3.38	0.00141013716
0	41474	3.382	0.000870077813
0	41536	3.387	0.001549564051
0	41551	3.388	0.000465820799
0	41657	3.397	0.000678988801
0	41660	3.397	0.002853388704
0	41675	3.398	0.001688776939
0	41679	3.398	0.000595973004
0	41704	3.4	0.000179130855
0	41706	3.4	0.000570982642
0	41827	3.411	0.000623835801
0	41853	3.413	0.000720772173
0	41876	3.415	0.000596735862
0	41901	3.417	0.000123288327
0	42016	3.427	0.001002097419
0	42087	3.433	0.001733637361
0	42120	3.436	0.002041353806
0	42235	3.446	0.000282686269
0	42341	3.455	0.001421502097
0	42356	3.456	0.000232175373
0	42449	3.464	0.001604655355
0	42496	3.468	0.000672012227
0	42670	3.483	0.0008892396
0	42784	3.492	0.001035987001
0	42807	3.494	0.00337251851
0	42900	3.502	0.001354238935
0	42925	3.504	0.000924141364
0	42998	3.51	0.001826681737
0	43036	3.513	0.001002580555
0	43061	3.515	0.000682583703
0	43065	3.515	0.001634914553
0	43082	3.516	0.000886998391
0	43108	3.518	0.001897613919
0	43185	3.524	7.4362539e-05
0	43188	3.524	0.001698881275
0	43203	3.525	0.000859506502
0	43228	3.527	0.000560555595
0	43291	3.532	0.000401641182
0	43395	3.541	0.000183914979
0	43424	3.543	0.000271016445
0	43444	3.544	0.000454090323
0	43455	3.545	0.001140716248
0	43526	3.551	0.00019275863
0	43556	3.553	0.001415458164
0	43710	3.567	0.000351187362
0	43737	3.569	5.4924326e-05
0	43791	3.573	0.001413459811
0	43792	3.573	0.000417428082
0	43820	3.575	0.002834960096
0	43868	3.579	0.001452852801
0	43883	3.58	0.002315709436
0	43909	3.582	0.002744363195
0	43913	3.582	0.001334632789
0	44002	3.59	0.000756921112
0	44029	3.592	0.001662260531
0	44154	3.602	0.002473181022
0	44155	3.602	0.001561762542
0	44253	3.611	0.00221463095
0	44282	3.613	0.000501833594
0	44285	3.613	0.000584224676
0	44324	3.616	0.000656925996
0	44338	3.617	0.001114296872
0	44370	3.62	0.00080087879
0	44415	3.623	0.002542463708
0	44419	3.623	9.6660234e-05
0	44432	3.624	0.002925100247
0	44468	3.627	0.000253985773
0	44533	3.632	0.003383454735
0	44605	3.638	0.003577238296
0	44653	3.642	0.000887777281
0	44659	3.642	0.001763698873
0	44727	3.648	2.7042238e-05
0	44788	3.653	0.000426734145
0	44799	3.654	0.001569507268
0	44906	3.663	0.002844939486
0	44943	3.666	0.002124309356
0	44967	3.668	0.000859471056
0	45006	3.671	0.001218692698
0	45059	3.675	0.000710097533
0	45063	3.675	0.002982267396
0	45123	3.68	0.000489309526
0	45152	3.682	0.001131880268
0	45204	3.686	0.001456480384
0	45249	3.69	0.000766607105
0	45264	3.691	0.004278970607
0	45266	3.691	0.005770305425
0	45336	3.697	0.002406596977
0	45395	3.702	0.001063547579
0	45413	3.703	0.003213238091
0	45434	3.705	0.002908753082
0	45462	3.707	0.000851599901
0	45478	3.708	0.001280319371
0	45516	3.711	0.0001280441
0	45533	3.712	0.000487480683
0	45728	3.729	0.000878657326
0	45753	3.731	0.000142199791
0	45808	3.736	0.000546878278
0	45832	3.738	0.000683590452
0	45937	3.746	0.000563320881
0	45953	3.747	0.003531243127
0	45954	3.747	0.001752628564
0	46028	3.753	0.001186123795
0	46053	3.755	5.2971175e-05
0	46081	3.757	0.000819862849
0	46147	3.763	0.000591818974
0	46183	3.766	0.000461129438
0	46242	3.771	0.001307897238
0	46260	3.772	0.000965627322
0	46307	3.776	0.004692075549
0	46391	3.783	0.002574859148
0	46402	3.784	0.001105200457
0	46450	3.788	0.000903646957
0	46500	3.792	0.000773809249
0	46531	3.794	0.001818305965
0	46555	3.796	0.002484527551
0	46583	3.798	0.001201850928
0	46685	3.807	0.003902471317
0	46698	3.808	0.002673088967
0	46760	3.813	0.000121849196
0	46785	3.815	0.000585583173
0	46812	3.817	0.002633583713
0	46862	3.821	0.003535567404
0	46924	3.826	0.001839145385
0	46926	3.826	0.001664868008
0	46938	3.827	0.002316322778
0	46985	3.831	0.000967997777
0	46998	3.832	0.002569534811
0	47033	3.835	0.000579222602
0	47058	3.837	0.001257869724
0	47105	3.841	0.001909948941
0	47155	3.845	0.000445505228
0	47215	3.85	0.000656116895
0	47254	3.853	0.004080859072
0	47265	3.854	0.00149013673
0	47347	3.861	0.000371999875
0	47364	3.862	0.000796750867
0	47367	3.862	0.002254457807
0	47388	3.864	0.000917258829
0	47451	3.869	0.001055403724
0	47467	3.87	0.000290544132
0	47506	3.873	5.8374192e-05
0	47511	3.873	0.000454966505
0	47592	3.88	0.002372465596
0	47608	3.881	0.000193132151
0	47632	3.883	0.000950866467
0	47693	3.888	0.002146289515
0	47749	3.893	8.7145451e-05
0	47766	3.894	4.4992796e-05
0	47789	3.896	0.002908119317
0	47853	3.902	0.000532343721
0	47881	3.904	0.000718279491
0	47896	3.905	0.000897857072
0	47951	3.909	0.001251908306
0	47965	3.91	0.001986927709
0	47999	3.913	0.00084243094
0	48070	3.918	0.000448404407
0	48081	3.919	0.004757866208
0	48082	3.919	0.00321998654
0	48084	3.919	0.004254298354
0	48139	3.923	0.003772524646
0	48140	3.923	0.001006644754
0	48153	3.924	0.002937938073
0	48206	3.928	0.003010728161
0	48219	3.929	0.001114192078
0	48268	3.933	0.001939820684
0	48293	3.935	0.001554509956
0	48308	3.936	0.000888045123
0	48357	3.94	0.003415579792
0	48380	3.942	0.000237226627
0	48406	3.944	0.00061072923
0	48424	3.945	0.003583026509
0	48434	3.946	0.000816056206
0	48497	3.951	0.000906581639
0	48590	3.959	0.000203798393
0	48650	3.964	0.001943120482
0	48704	3.968	0.001766859501
0	48718	3.969	0.003202560783
0	48742	3.971	0.001227116969
0	48779	3.974	0.001895267824
0	48844	3.98	0.001889231288
0	48868	3.982	8.9526287e-05
0	48872	3.982	0.000820104894
0	48943	3.988	0.003351840084
0	48989	3.992	0.001370041708
0	49010	3.994	4.9454908e-05
0	49073	3.999	0.001126542938
0	49110	4.002	0.000162613845
0	49112	4.002	0.001299736936
0	49157	4.005	0.000289379845
0	49200	4.009	0.004657137958
0	49282	4.015	0.001583026173
0	49313	4.018	0.004615269354
0	49356	4.022	0.007445903906
0	49357	4.022	0.007307654335
0	49383	4.024	0.000360383805
0	49410	4.026	0.002074552812
0	49483	4.032	0.001647845449
0	49555	4.038	0.000376584686
0	49558	4.038	0.001878056008
0	49583	4.04	0.000237404497
0	49714	4.051	0.001389904743
0	49740	4.053	0.002311340373
0	49758	4.054	0.000707280457
0	49843	4.061	0.001505462328
0	49872	4.063	0.000520274514
0	49898	4.065	0.003784355216
0	49937	4.068	0.001983412159
0	49965	4.07	9.7093509e-05
0	50003	4.073	0.000716155055
0	50079	4.079	0.004647977983
0	50081	4.079	0.002948198552
0	50082	4.079	0.001034353469
0	50125	4.083	0.000344020823
0	50145	4.084	0.000456493932
0	50203	4.089	0.000343303911
0	50322	4.099	0.000436467931
0	50326	4.099	0.003807970122
0	50361	4.102	0.001258804312
0	50402	4.105	0.000272463239
0	50404	4.105	0.000303468826
0	50418	4.106	0.001172280107
0	50765	4.137	0.001310214868
0	50817	4.141	0.000379627415
0	50835	4.142	0.001460105058
0	50836	4.142	0.00088298918
0	50868	4.145	0.004551236401
0	50942	4.151	0.004218281534
0	50965	4.153	0.003071880656
0	50990	4.155	0.000909155052
0	50994	4.155	0.004034695317
0	51034	4.158	0.00148085436
0	51037	4.158	0.002547049548
0	51075	4.161	4.6615819e-05
0	51079	4.161	0.001550669277
0	51125	4.165	0.001221333841
0	51164	4.168	0.000611844928
0	51374	4.186	0.001469785918
0	51388	4.187	0.000522127168
0	51452	4.192	0.001510650231
0	51611	4.206	0.000972360058
0	51626	4.207	0.000460465051
0	51686	4.212	0.000157624271
0	51739	4.216	0.000867620442
0	51749	4.217	0.00042945578
0	51782	4.219	0.001187510913
0	51886	4.228	0.000564884225
0	51901	4.229	0.000430828697
0	51954	4.233	0.001830329265
0	52035	4.24	0.001076007749
0	52138	4.249	8.0655485e-05
0	52179	4.252	0.001577887805
0	52385	4.27	0.001384561329
0	52559	4.285	0.001821561981
0	52560	4.285	0.000694498473
0	52601	4.288	0.001895009233
0	52662	4.293	0.002908853291
0	52772	4.303	0.000309008544
0	52798	4.305	0.001068296565
0	52828	4.307	0.000600000968
0	52850	4.309	0.000704045042
0	52948	4.317	0.000809831003
0	52972	4.319	0.000266124851
0	52989	4.32	0.002961234805
0	53059	4.326	6.1273786e-05
0	53187	4.337	0.00116034943
0	53214	4.339	0.001394463324
0	53249	4.342	0.001662611891
0	53273	4.344	0.000682506682
0	53293	4.345	0.00055908272
0	53322	4.347	0.000147780747
0	53327	4.347	0.002983172643
0	53328	4.347	0.002747982437
0	53546	4.366	0.00196564168
0	53570	4.368	0.003821965131
0	53605	4.371	8.504699e-05
0	53661	4.376	0.002721818933
0	53702	4.379	0.001215628249
0	53850	4.392	0.001810834946
0	53865	4.393	0.000942469852
0	53941	4.399	0.001504202433
0	53975	4.402	0.001171720561
0	54001	4.404	0.000570746851
0	54177	4.419	0.002013319603
0	54269	4.427	0.000688514622
0	54271	4.427	0.000926863189
0	54403	4.439	4.5738937e-05
0	54430	4.441	0.000663005954
0	54448	4.442	0.000411122952
0	54451	4.442	0.000103814018
0	54473	4.444	0.000893371494
1	35	0.001	0.001
1	37	0.001	0.001
1	376	0.03	0.000523166498
1	432	0.034	0.000719985612
1	1011	0.08	0.000871462824
1	1081	0.086	0.000879777387
1	2481	0.202	2.2777244e-05
1	2576	0.209	0.000640175741
1	2700	0.218	0.000751746607
1	2975	0.242	0.00059142265
1	3148	0.257	0.000592601424
1	3247	0.264	0.000616120703
1	3358	0.273	0.000389791895
1	3873	0.316	0.00072630797
1	3901	0.318	0.000925319404
1	4016	0.327	0.000921679594
1	4250	0.345	0.000501002772
1	4344	0.352	0.000566799748
1	4362	0.353	0.000667165287
1	4649	0.377	0.000478099945
1	4740	0.384	0.000513204375
1	4844	0.392	0.000703887135
1	4936	0.399	0.000873871688
1	5152	0.417	0.000964833349
1	5439	0.439	0.000212992515
1	5647	0.456	0.000295468993
1	5696	0.46	0.000244683377
1	5840	0.471	0.000529842657
1	6093	0.493	0.000218009054
1	6487	0.526	0.000578182206
1	6835	0.555	0.000720035929
1	7483	0.61	0.000469620352
1	7613	0.62	0.000391925222
1	8212	0.668	0.00025710113
1	8426	0.685	0.000473676396
1	8969	0.73	0.00092822148
1	9246	0.754	0.000621399993
1	9262	0.755	0.000343964385
1	9846	0.803	0.000479549916
1	9998	0.816	0.000387798833
1	10146	0.828	0.000608767754
1	10276	0.839	0.000705131752
1	10334	0.844	7.0632041e-05
1	10926	0.891	0.000984054385
1	11630	0.951	0.000713335457
1	12100	0.99	0.000574523771
1	12455	1.019	0.000269126066
1	12585	1.029	0.000407260882
1	13269	1.086	0.000965488024
1	13802	1.131	0.000651041623
1	13952	1.144	0.000836080358
1	14097	1.155	0.000182282845
1	14177	1.161	6.3675947e-05
1	14220	1.164	0.000434518355
1	15153	1.241	0.000403922851
1	15515	1.27	0.000302090652
1	15636	1.28	0.000750933289
1	15666	1.282	0.000432500912
1	15836	1.297	0.000875663565
1	16807	1.377	0.000530520411
1	16857	1.381	0.000386439982
1	16959	1.39	0.000614345827
1	17203	1.41	0.000618914129
1	17329	1.42	0.000311330499
1	17355	1.422	0.000564505692
1	17856	1.463	0.000779862855
1	17930	1.469	0.000938336021
1	18175	1.488	9.3915111e-05
1	18306	1.499	0.000168466348
1	19103	1.564	0.00070524933
1	19359	1.586	0.000557657232
1	19546	1.601	0.000643503641
1	19648	1.609	0.000745934002
1	19650	1.609	0.000765704125
1	19689	1.612	0.000418906775
1	19901	1.629	0.000831592765
1	19902	1.629	0.000695630549
1	20169	1.651	0.000235869095
1	20353	1.665	5.9230972e-05
1	20650	1.691	4.5607533e-05
1	21129	1.731	0.000936979603
1	21512	1.762	0.00084783609
1	22413	1.835	0.000154498248
1	22449	1.838	0.000527949479
1	22650	1.854	0.00016481909
1	22743	1.861	0.000961506576
1	22909	1.874	0.000743136095
1	23107	1.89	0.000341154257
1	23730	1.942	0.000797854283
1	23793	1.947	0.000523470252
1	23831	1.95	0.000495164108
1	23958	1.959	1.0943135e-05
1	24130	1.973	0.00011997619
1	24306	1.987	0.00014324667
1	24562	2.009	0.000567885122
1	25007	2.046	0.000321078807
1	25063	2.05	0.00097382718
1	25313	2.07	0.000581566872
1	25514	2.087	0.000165141759
1	25662	2.099	0.000694318944
1	25920	2.119	0.000646524722
1	26384	2.157	0.000385520278
1	26884	2.199	0.000251784031
1	26897	2.2	0.000591181724
1	27029	2.211	0.000294361708
1	27838	2.275	0.00088800318
1	28016	2.289	0.000993016865
1	28626	2.337	0.000591747118
1	28973	2.367	9.9848049e-05
1	29098	2.378	0.000194202323
1	29198	2.387	0.000910549132
1	29503	2.413	0.00039776968
1	29775	2.435	0.000984866646
1	29972	2.451	0.00059833488
1	30049	2.456	0.000798827672
1	30134	2.463	0.000350434724
1	30163	2.465	0.000980927772
1	30164	2.465	0.000691501905
1	30181	2.466	0.000400168841
1	30245	2.471	1.2275974e-05
1	30275	2.473	0.000608733877
1	30528	2.494	5.4080446e-05
1	30530	2.494	0.000796227623
1	30531	2.494	0.000517293967
1	31639	2.585	0.000225853588
1	32017	2.616	0.000720522236
1	32370	2.647	0.000691687493
1	32486	2.656	0.000855769296
1	32806	2.682	0.000870874631
1	33130	2.708	0.000714546353
1	33286	2.72	0.000388331657
1	33445	2.732	0.000728987509
1	33523	2.738	0.000408934208
1	33547	2.74	0.000327737588
1	33612	2.745	0.000220279269
1	33639	2.747	0.000365073595
1	33791	2.76	0.000988148088
1	33930	2.771	0.000867485006
1	34058	2.781	0.000836351369
1	34077	2.782	0.000661587709
1	34213	2.793	0.000839424102
1	34458	2.814	0.000367583793
1	34595	2.826	0.000709352649
1	34949	2.856	0.000256129109
1	34979	2.858	0.000422707534
1	35381	2.89	0.000467899634
1	35382	2.89	0.000426041644
1	35396	2.891	0.000615427771
1	35544	2.903	0.000148282441
1	35619	2.909	0.000586225372
1	35655	2.912	0.000158045266
1	36073	2.946	4.9203116e-05
1	36154	2.952	0.00079511635
1	36203	2.956	2.7220883e-05
1	36291	2.963	0.000197250687
1	36702	2.997	0.000345570891
1	36729	2.999	0.000575183376
1	37256	3.043	0.000901854377
1	37306	3.047	0.000865338304
1	37350	3.05	0.000708409077
1	37352	3.05	0.000785848491
1	37368	3.051	0.00013700818
1	37742	3.081	0.000448359709
1	38039	3.105	0.000108255135
1	38079	3.108	0.000629939574
1	38988	3.181	0.000670426202
1	38990	3.181	0.000898703757
1	39098	3.19	0.000573688553
1	39225	3.2	0.000229084175
1	39463	3.218	6.0610242e-05
1	39613	3.231	0.000710257731
1	39684	3.237	8.8790426e-05
1	39712	3.239	0.000773952379
1	39809	3.246	0.000112018016
1	39869	3.251	0.000250189287
1	39963	3.258	0.000332254022
1	40480	3.301	0.000156720826
1	40554	3.307	0.00085432896
1	40670	3.316	0.000809878752
1	40690	3.317	0.000533777214
1	40962	3.339	0.00078146319
1	41033	3.345	0.00041179406
1	41410	3.377	0.000237036171
1	41657	3.397	0.000678988801
1	41704	3.4	0.000179130855
1	41827	3.411	0.000623835801
1	42496	3.468	0.000672012227
1	42670	3.483	0.0008892396
1	43061	3.515	0.000682583703
1	43395	3.541	0.000183914979
1	43526	3.551	0.00019275863
1	44282	3.613	0.000501833594
1	44324	3.616	0.000656925996
1	44370	3.62	0.00080087879
1	44653	3.642	0.000887777281
1	45059	3.675	0.000710097533
1	45123	3.68	0.000489309526
1	45249	3.69	0.000766607105
1	45462	3.707	0.000851599901
1	45516	3.711	0.0001280441
1	45728	3.729	0.000878657326
1	45753	3.731	0.000142199791
1	45808	3.736	0.000546878278
1	45832	3.738	0.000683590452
1	45937	3.746	0.000563320881
1	46147	3.763	0.000591818974
1	46450	3.788	0.000903646957
1	46500	3.792	0.000773809249
1	46785	3.815	0.000585583173
1	46985	3.831	0.000967997777
1	47347	3.861	0.000371999875
1	47388	3.864	0.000917258829
1	47506	3.873	5.8374192e-05
1	47749	3.893	8.7145451e-05
1	47766	3.894	4.4992796e-05
1	47853	3.902	0.000532343721
1	47881	3.904	0.000718279491
1	47896	3.905	0.000897857072
1	48308	3.936	0.000888045123
1	48380	3.942	0.000237226627
1	48406	3.944	0.00061072923
1	48434	3.946	0.000816056206
1	48868	3.982	8.9526287e-05
1	49010	3.994	4.9454908e-05
1	49110	4.002	0.000162613845
1	49383	4.024	0.000360383805
1	49583	4.04	0.000237404497
1	50125	4.083	0.000344020823
1	50322	4.099	0.000436467931
1	50402	4.105	0.000272463239
1	50404	4.105	0.000303468826
1	50817	4.141	0.000379627415
1	50990	4.155	0.000909155052
1	51075	4.161	4.6615819e-05
1	51164	4.168	0.000611844928
1	51626	4.207	0.000460465051
1	51749	4.217	0.00042945578
1	51886	4.228	0.000564884225
1	51901	4.229	0.000430828697
1	52138	4.249	8.0655485e-05
1	52772	4.303	0.000309008544
1	52850	4.309	0.000704045042
1	52972	4.319	0.000266124851
1	53273	4.344	0.000682506682
1	53293	4.345	0.00055908272
1	53322	4.347	0.000147780747
1	54001	4.404	0.000570746851
1	54403	4.439	4.5738937e-05
1	54430	4.441	0.000663005954
1	54448	4.442	0.000411122952
1	54473	4.444	0.000893371494
2	39	0.001	0.001
2	49	0.002	0.002
2	51	0.002	0.002
2	53	0.002	0.002
2	62	0.003	0.003
2	381	0.03	0.000844402223
2	407	0.032	0.00142635392
2	462	0.036	0.001806550686
2	595	0.047	0.000484045998
2	700	0.056	0.00058710795
2	725	0.058	0.000187022752
2	761	0.061	0.000552988418
2	826	0.066	0.00082081197
2	882	0.07	0.001125769923
2	905	0.072	0.002785891978
2	936	0.074	0.001720543115
2	954	0.076	0.003325838307
2	996	0.079	0.001046591444
2	1014	0.08	0.000400648936
2	1149	0.091	0.000365122354
2	1167	0.092	0.001519876448
2	1202	0.095	0.000160637611
2	1357	0.108	0.001187459469
2	1368	0.109	0.001573813245
2	1405	0.112	0.001575346919
2	1740	0.141	0.001731118288
2	1770	0.143	0.003614616794
2	1804	0.146	0.004190117763
2	2006	0.163	0.001058074447
2	2018	0.164	0.002247319519
2	2019	0.164	0.001045283425
2	2054	0.167	0.001871450963
2	2150	0.175	0.001805280703
2	2164	0.176	0.001909218091
2	2226	0.181	0.001966312533
2	2266	0.184	0.001592535471
2	2302	0.187	0.002140319258
2	2537	0.206	0.000468344638
2	2539	0.206	0.001528769994
2	2668	0.216	0.000301763963
2	2683	0.217	0.000170864271
2	2713	0.219	0.001134203689
2	3055	0.249	0.000794190965
2	3209	0.261	3.8139419e-05
2	3223	0.262	0.001138729257
2	3267	0.265	0.000615299146
2	3631	0.296	0.001197901583
2	3792	0.309	0.000740669926
2	3794	0.309	0.000119674707
2	3851	0.314	0.000382999229
2	3928	0.32	0.00192769554
2	3968	0.323	0.000805762318
2	4020	0.327	0.00099049931
2	4055	0.33	0.002664562068
2	4125	0.335	0.001294095392
2	4185	0.34	0.001329369579
2	4225	0.343	0.001466228999
2	4238	0.344	0.000893219189
2	4292	0.348	0.001331353681
2	4322	0.35	0.001390860195
2	4561	0.369	2.5297701e-05
2	4691	0.38	0.001857117673
2	4694	0.38	0.001108602792
2	4991	0.403	0.001122748178
2	5017	0.405	0.001826045247
2	5207	0.421	0.001273602065
2	5255	0.425	0.001275080281
2	5293	0.428	0.001866803259
2	5322	0.43	0.000428409355
2	5386	0.435	0.000502841343
2	5400	0.436	0.001971146146
2	5441	0.439	2.3441473e-05
2	5636	0.455	0.001131907826
2	5765	0.465	0.001523292187
2	5784	0.466	0.000981229422
2	5868	0.473	0.001197307617
2	6227	0.504	0.000646751252
2	6299	0.51	0.001567784921
2	6325	0.512	0.001102596815
2	6598	0.535	0.000203777762
2	6625	0.537	0.000521515717
2	6801	0.552	0.00093083702
2	6981	0.567	0.000225081288
2	7020	0.57	0.00161279948
2	7196	0.585	0.000290845532
2	7631	0.621	0.001352896673
2	7656	0.623	0.000706306691
2	7687	0.625	0.001758593331
2	7735	0.629	0.000601234649
2	7857	0.639	0.001582409659
2	7887	0.641	0.001597313245
2	7914	0.643	0.002880070903
2	7916	0.643	0.000476079575
2	8010	0.651	0.001859288729
2	8070	0.656	9.9796575e-05
2	8129	0.661	0.002560088898
2	8324	0.677	0.000136373616
2	8372	0.681	0.000653975152
2	8429	0.685	0.001717835165
2	8616	0.701	0.000302087665
2	8654	0.704	0.000571593391
2	8705	0.708	0.000369322191
2	8875	0.722	0.000586108002
2	8922	0.726	0.001465510981
2	8925	0.726	0.0004956905
2	9098	0.741	0.00079170691
2	9187	0.749	0.002049959351
2	9232	0.753	9.1910045e-05
2	9290	0.757	0.00086100252
2	9448	0.771	0.002675587711
2	9476	0.773	0.000316654753
2	9502	0.775	0.000228983085
2	9698	0.791	0.001370382637
2	9724	0.793	0.001607928575
2	9799	0.799	0.001483541896
2	10052	0.82	0.001937208366
2	10054	0.82	0.000502504133
2	10102	0.824	0.000132300466
2	10183	0.831	0.002839839961
2	10251	0.837	0.001997444098
2	10368	0.846	0.000497907007
2	10434	0.851	0.001004392487
2	10462	0.853	0.001971809377
2	10512	0.857	0.000115082933
2	10688	0.872	0.000731439475
2	10690	0.872	0.001745753895
2	10746	0.876	0.000463918939
2	10808	0.881	0.001995236664
2	10951	0.893	0.002759729483
2	11019	0.899	0.002664315381
2	11114	0.907	0.001907339224
2	11281	0.922	0.001588730154
2	11379	0.93	0.000785783675
2	11751	0.961	0.001834420506
2	11789	0.964	0.000296447032
2	11828	0.967	0.001421304309
2	12013	0.983	0.000679056878
2	12028	0.984	0.001849626885
2	12081	0.988	0.000288493951
2	12289	1.005	0.001307541067
2	12471	1.02	0.002647601006
2	12506	1.023	0.002570786023
2	12559	1.027	0.001632715431
2	12613	1.031	0.000431286651
2	12677	1.036	0.000860238318
2	12772	1.043	0.002814248798
2	12774	1.043	0.000375412252
2	12820	1.047	0.002138325526
2	12917	1.055	0.000423653638
2	12999	1.062	0.000275981062
2	13186	1.079	0.000890221194
2	13213	1.081	0.001395696971
2	13399	1.097	0.000789973461
2	13425	1.099	0.001625077444
2	13454	1.101	0.001999389701
2	13628	1.115	0.000112428212
2	13818	1.132	0.00133075435
2	13985	1.146	0.001208244876
2	14085	1.154	0.000187464153
2	14101	1.155	0.001384241683
2	14151	1.159	1.5718954e-05
2	14154	1.159	0.00052918744
2	14204	1.163	0.000267100958
2	14415	1.181	0.002193206489
2	14497	1.188	0.000201655594
2	14512	1.189	0.002172154446
2	14540	1.191	0.000698215792
2	14577	1.194	0.001368930156
2	14592	1.195	0.000101262896
2	14635	1.198	0.001336583353
2	14651	1.199	0.002990423288
2	14709	1.204	0.000636312472
2	14866	1.217	0.001094750438
2	14979	1.226	0.001239495413
2	15141	1.24	0.000480271721
2	15323	1.255	0.000670952805
2	15351	1.257	0.000534133457
2	15353	1.257	0.001393370672
2	15400	1.261	0.001825983626
2	15613	1.278	0.001876035458
2	15792	1.293	2.6223568e-05
2	15870	1.3	0.001008527544
2	15907	1.303	0.001367731411
2	15937	1.305	0.001247167741
2	16046	1.314	0.001599732305
2	16198	1.326	0.000695297076
2	16297	1.334	0.000173105006
2	16649	1.364	0.000542862735
2	16662	1.365	0.001724341544
2	16796	1.376	0.001341077692
2	17037	1.396	0.001654945914
2	17167	1.407	0.000923298057
2	17292	1.417	0.001758843117
2	17451	1.43	0.000936637289
2	17526	1.436	0.000887482298
2	17609	1.443	6.5408501e-05
2	17858	1.463	0.001236773667
2	17871	1.464	0.001238365734
2	18027	1.476	0.00267298843
2	18126	1.484	0.000944085252
2	18226	1.492	0.000706129973
2	18454	1.511	0.000214633935
2	18534	1.517	0.001200879622
2	18639	1.526	0.002391684629
2	18773	1.537	0.00069911394
2	18822	1.541	0.000510603999
2	18907	1.548	0.001363160883
2	18934	1.55	4.4174018e-05
2	19075	1.562	0.001184773933
2	19285	1.58	0.001945839287
2	19422	1.591	8.0675308e-05
2	19449	1.593	0.000524095579
2	19510	1.598	0.001054947522
2	19611	1.606	0.001406721374
2	19774	1.619	0.000607450445
2	19813	1.622	0.000953110374
2	19828	1.623	0.001853604955
2	19874	1.627	0.001964959181
2	19996	1.637	0.000143928979
2	20172	1.651	0.00098231693
2	20281	1.66	0.001330730225
2	20310	1.662	0.000706226093
2	20355	1.665	0.001209558771
2	20680	1.693	0.002357544548
2	20750	1.699	0.00162832448
2	20751	1.699	0.001587195531
2	20888	1.711	0.001914717715
2	21042	1.724	0.001106506745
2	21259	1.742	0.000873819648
2	21261	1.742	0.001331622382
2	21287	1.744	0.001980991182
2	21335	1.748	0.000356816486
2	21445	1.757	0.000425722965
2	21459	1.758	0.000971577855
2	21539	1.764	0.002969053214
2	21623	1.771	0.001719571697
2	21654	1.773	0.001724363004
2	21671	1.775	0.002129157091
2	21813	1.787	0.000880035023
2	21866	1.791	0.001188356327
2	21997	1.802	0.001752256201
2	22045	1.805	0.001911234307
2	22047	1.805	0.00129047858
2	22059	1.806	0.001404237114
2	22087	1.808	0.001256024695
2	22196	1.818	0.000956167256
2	22215	1.819	0.000794514285
2	22309	1.827	0.001084307259
2	22360	1.831	1.1454053e-05
2	22559	1.847	0.001193301225
2	22637	1.853	0.001869372631
2	22638	1.853	0.000712224224
2	22694	1.857	6.0022719e-05
2	22721	1.859	0.000715105199
2	22800	1.866	0.001485972834
2	22882	1.872	0.001979157592
2	22883	1.872	0.000542158234
2	22937	1.876	0.000645613028
2	23208	1.898	0.001953759176
2	23336	1.909	0.001306928097
2	23389	1.913	0.00190129267
2	23453	1.918	0.000534824444
2	23678	1.938	0.001692863438
2	23877	1.953	0.001689448004
2	23879	1.953	0.001256624276
2	23970	1.96	0.001178377744
2	24158	1.975	0.002088496299
2	24185	1.977	0.001570946619
2	24625	2.014	0.001964439935
2	24687	2.019	0.000474642634
2	24850	2.032	0.00148887876
2	24873	2.034	0.000843793707
2	24981	2.044	0.000277616819
2	25021	2.047	0.000598567021
2	25079	2.051	0.001822147681
2	25223	2.063	0.001945752162
2	25237	2.064	0.001493293419
2	25250	2.065	0.000927504164
2	25439	2.08	0.000232672705
2	25613	2.095	0.001905105278
2	25625	2.096	0.00142157044
2	25788	2.11	0.001268734686
2	25832	2.113	0.001585269841
2	25834	2.113	0.00117148452
2	25863	2.115	0.001592282254
2	25878	2.116	0.000405728661
2	25924	2.119	0.000736557842
2	25993	2.125	0.000977144511
2	26018	2.127	0.000460150668
2	26042	2.129	0.00027288337
2	26314	2.152	0.001040435646
2	26328	2.153	0.001487233801
2	26341	2.154	0.001470498545
2	26370	2.156	0.001168765927
2	26426	2.16	0.000797057741
2	26516	2.168	0.001107930986
2	26675	2.182	0.00099244558
2	26765	2.189	0.001897971061
2	26948	2.204	0.002058642865
2	27095	2.216	0.000407750528
2	27133	2.219	0.001515474982
2	27162	2.221	0.001882597912
2	27200	2.224	0.000492728173
2	27247	2.228	0.001202489797
2	27287	2.231	0.000486703661
2	27302	2.232	0.0016507902
2	27342	2.235	0.000319685248
2	27369	2.237	0.001864174756
2	27497	2.247	0.000604746031
2	27616	2.257	0.000408667832
2	27646	2.26	0.003333698893
2	27688	2.263	0.002974891199
2	27809	2.273	0.001806030758
2	27854	2.276	0.001334724539
2	28000	2.288	0.00197608923
2	28019	2.289	0.002680048419
2	28081	2.294	0.000570059666
2	28153	2.299	0.000885948225
2	28155	2.299	0.000402915303
2	28173	2.3	0.000403010895
2	28187	2.301	0.000849525999
2	28246	2.306	0.000185082308
2	28325	2.312	0.000733544149
2	28373	2.316	0.001346897111
2	28458	2.323	0.001629537232
2	28484	2.325	0.001914821245
2	28630	2.337	0.001898178955
2	28665	2.34	0.001311469243
2	28868	2.358	0.001866225519
2	28869	2.358	0.001203773809
2	29249	2.391	0.001859916564
2	29489	2.412	0.001209895818
2	29507	2.413	0.001495814689
2	29520	2.414	0.001869946922
2	29651	2.425	0.000430816116
2	29863	2.442	0.001421289971
2	30034	2.455	0.001482225278
2	30091	2.459	0.001878228618
2	30248	2.471	0.000974029317
2	30330	2.477	0.000679959041
2	30436	2.487	0.001486936622
2	30473	2.49	0.000330846563
2	30534	2.494	0.001427914874
2	30621	2.501	4.7813424e-05
2	30671	2.505	0.001769423884
2	30840	2.52	0.001836561928
2	30907	2.525	0.000549856986
2	30937	2.527	1.8708711e-05
2	30939	2.527	0.000564998896
2	31189	2.548	0.001243718864
2	31257	2.553	0.000432036736
2	31282	2.555	0.000789740241
2	31373	2.563	0.001463638466
2	31401	2.565	0.000273538324
2	31485	2.572	0.000304573136
2	31525	2.575	0.001054167205
2	31593	2.581	0.00088344564
2	31736	2.592	0.001864149274
2	31737	2.592	0.000123118219
2	31923	2.608	0.002220514632
2	32387	2.648	0.001225580789
2	32538	2.66	0.001662953641
2	32671	2.671	0.000329923529
2	32707	2.674	0.000681783763
2	32781	2.68	0.000642253607
2	32895	2.689	0.0009478957
2	32970	2.695	0.001390198493
2	33030	2.7	0.002363065198
2	33031	2.7	0.001034332028
2	33103	2.706	0.001610994528
2	33195	2.713	0.000884789845
2	33220	2.715	0.001315371902
2	33249	2.717	8.0777855e-05
2	33299	2.721	0.002433223611
2	33341	2.724	0.001431372166
2	33393	2.728	0.000218067649
2	33405	2.729	0.001600939204
2	33462	2.733	0.000892476675
2	33565	2.741	0.000195059707
2	33762	2.758	0.002921160753
2	33795	2.76	0.001459619938
2	33909	2.769	0.002012173303
2	33911	2.769	0.001646156998
2	33912	2.769	0.00147238907
2	34020	2.778	0.000270970252
2	34189	2.791	0.001115655239
2	34296	2.8	0.00040346625
2	34334	2.803	0.001828490481
2	34993	2.859	0.001302858196
2	35065	2.865	0.000988353981
2	35104	2.868	0.001867601471
2	35131	2.87	0.000548103918
2	35307	2.885	0.001770235354
2	35337	2.887	0.001917970375
2	35509	2.9	0.000515062009
2	35687	2.914	0.001815221814
2	35766	2.92	0.001289813574
2	35803	2.923	5.5175516e-05
2	35887	2.93	0.000817249325
2	35936	2.934	0.000886977213
2	35938	2.934	0.00156355817
2	36115	2.949	0.001966671355
2	36118	2.949	0.002230855018
2	36279	2.962	0.001394299436
2	36332	2.966	0.001712767542
2	36542	2.984	0.000926393989
2	36649	2.993	0.001854804762
2	36688	2.996	0.000114748979
2	36779	3.003	0.001505755703
2	36819	3.006	0.001659868584
2	36821	3.006	0.00210403554
2	36848	3.008	0.001554027303
2	37160	3.034	0.000987398143
2	37336	3.049	1.9400427e-05
2	37490	3.061	0.001910793366
2	37504	3.062	0.00066204878
2	37519	3.063	0.000284735258
2	37581	3.068	0.001831706372
2	37620	3.071	0.001060822843
2	37667	3.075	0.001478732653
2	37704	3.078	0.002614619631
2	37770	3.083	0.002199986334
2	37794	3.085	0.002952487783
2	37837	3.088	0.000408871481
2	37981	3.1	0.000191665883
2	38112	3.11	0.001728043447
2	38124	3.111	0.001266625912
2	38326	3.128	0.001820668558
2	38327	3.128	0.000652199851
2	38383	3.133	0.000318288973
2	38410	3.135	0.000852359688
2	38453	3.138	0.001740914961
2	38480	3.14	0.000553603395
2	38496	3.141	0.000361629984
2	38537	3.144	0.000491594636
2	38586	3.148	6.595077e-05
2	38733	3.161	0.001156578112
2	38770	3.164	0.000752033497
2	38825	3.168	0.000599213701
2	38993	3.181	0.000419176545
2	39213	3.199	0.000804987337
2	39371	3.211	0.000964756417
2	39383	3.212	0.001326654697
2	39448	3.217	0.000407981687
2	39728	3.24	0.001326073916
2	39760	3.242	0.000751000362
2	39761	3.242	0.000228501467
2	39899	3.253	0.000246175434
2	39914	3.254	0.001032350495
2	39966	3.258	0.002616071988
2	40029	3.263	0.000228199964
2	40076	3.267	0.001010237314
2	40263	3.282	0.000165700964
2	40467	3.3	0.001572406338
2	40672	3.316	0.000863924119
2	40750	3.322	0.002721821452
2	40811	3.327	0.000154745537
2	40849	3.33	0.0001991947
2	40887	3.333	0.001140221846
2	40938	3.337	0.001525716059
2	41061	3.347	0.001439369743
2	41397	3.376	0.001042543489
2	41447	3.38	0.00141013716
2	41474	3.382	0.000870077813
2	41660	3.397	0.002853388704
2	41675	3.398	0.001688776939
2	41706	3.4	0.000570982642
2	41853	3.413	0.000720772173
2	41876	3.415	0.000596735862
2	41901	3.417	0.000123288327
2	42016	3.427	0.001002097419
2	42120	3.436	0.002041353806
2	42235	3.446	0.000282686269
2	42341	3.455	0.001421502097
2	42356	3.456	0.000232175373
2	42449	3.464	0.001604655355
2	42900	3.502	0.001354238935
2	42925	3.504	0.000924141364
2	42998	3.51	0.001826681737
2	43036	3.513	0.001002580555
2	43065	3.515	0.001634914553
2	43108	3.518	0.001897613919
2	43185	3.524	7.4362539e-05
2	43188	3.524	0.001698881275
2	43203	3.525	0.000859506502
2	43228	3.527	0.000560555595
2	43424	3.543	0.000271016445
2	43444	3.544	0.000454090323
2	43455	3.545	0.001140716248
2	43710	3.567	0.000351187362
2	43737	3.569	5.4924326e-05
2	43791	3.573	0.001413459811
2	43792	3.573	0.000417428082
2	43868	3.579	0.001452852801
2	43883	3.58	0.002315709436
2	43909	3.582	0.002744363195
2	44002	3.59	0.000756921112
2	44029	3.592	0.001662260531
2	44253	3.611	0.00221463095
2	44285	3.613	0.000584224676
2	44338	3.617	0.001114296872
2	44415	3.623	0.002542463708
2	44468	3.627	0.000253985773
2	44727	3.648	2.7042238e-05
2	44788	3.653	0.000426734145
2	44799	3.654	0.001569507268
2	44967	3.668	0.000859471056
2	45006	3.671	0.001218692698
2	45336	3.697	0.002406596977
2	45395	3.702	0.001063547579
2	45434	3.705	0.002908753082
2	45478	3.708	0.001280319371
2	45533	3.712	0.000487480683
2	46053	3.755	5.2971175e-05
2	46081	3.757	0.000819862849
2	46183	3.766	0.000461129438
2	46402	3.784	0.001105200457
2	46531	3.794	0.001818305965
2	46555	3.796	0.002484527551
2	46698	3.808	0.002673088967
2	46924	3.826	0.001839145385
2	46938	3.827	0.002316322778
2	46998	3.832	0.002569534811
2	47033	3.835	0.000579222602
2	47155	3.845	0.000445505228
2	47215	3.85	0.000656116895
2	47265	3.854	0.00149013673
2	47364	3.862	0.000796750867
2	47451	3.869	0.001055403724
2	47467	3.87	0.000290544132
2	47511	3.873	0.000454966505
2	47608	3.881	0.000193132151
2	47632	3.883	0.000950866467
2	47789	3.896	0.002908119317
2	47999	3.913	0.00084243094
2	48070	3.918	0.000448404407
2	48219	3.929	0.001114192078
2	48268	3.933	0.001939820684
2	48293	3.935	0.001554509956
2	48497	3.951	0.000906581639
2	48590	3.959	0.000203798393
2	48650	3.964	0.001943120482
2	48742	3.971	0.001227116969
2	48844	3.98	0.001889231288
2	48872	3.982	0.000820104894
2	48989	3.992	0.001370041708
2	49073	3.999	0.001126542938
2	49112	4.002	0.001299736936
2	49157	4.005	0.000289379845
2	49282	4.015	0.001583026173
2	49483	4.032	0.001647845449
2	49555	4.038	0.000376584686
2	49558	4.038	0.001878056008
2	49714	4.051	0.001389904743
2	49740	4.053	0.002311340373
2	49758	4.054	0.000707280457
2	49843	4.061	0.001505462328
2	49872	4.063	0.000520274514
2	49937	4.068	0.001983412159
2	50003	4.073	0.000716155055
2	50203	4.089	0.000343303911
2	50361	4.102	0.001258804312
2	50418	4.106	0.001172280107
2	50765	4.137	0.001310214868
2	50835	4.142	0.001460105058
2	50836	4.142	0.00088298918
2	51034	4.158	0.00148085436
2	51125	4.165	0.001221333841
2	51374	4.186	0.001469785918
2	51388	4.187	0.000522127168
2	51452	4.192	0.001510650231
2	51611	4.206	0.000972360058
2	51686	4.212	0.000157624271
2	51739	4.216	0.000867620442
2	51782	4.219	0.001187510913
2	52179	4.252	0.001577887805
2	52385	4.27	0.001384561329
2	52559	4.285	0.001821561981
2	52560	4.285	0.000694498473
2	52601	4.288	0.001895009233
2	52798	4.305	0.001068296565
2	53059	4.326	6.1273786e-05
2	53187	4.337	0.00116034943
2	53249	4.342	0.001662611891
2	53546	4.366	0.00196564168
2	53570	4.368	0.003821965131
2	53605	4.371	8.504699e-05
2	53661	4.376	0.002721818933
2	53702	4.379	0.001215628249
2	53850	4.392	0.001810834946
2	53865	4.393	0.000942469852
2	53941	4.399	0.001504202433
2	53975	4.402	0.001171720561
2	54269	4.427	0.000688514622
2	54451	4.442	0.000103814018
3	64	0.003	0.003
3	88	0.005	0.005
3	90	0.005	0.005
3	292	0.023	0.00259079679
3	409	0.032	0.00486434061
3	522	0.041	0.0048145768
3	546	0.043	0.00017028013
3	810	0.065	0.002950825255
3	886	0.07	0.000408738733
3	1152	0.091	0.004011120468
3	1204	0.095	0.003135388132
3	1294	0.103	0.002833932693
3	1381	0.11	0.003359189986
3	1703	0.138	0.000180270678
3	1793	0.145	0.002414838853
3	2022	0.164	0.003741716931
3	2153	0.175	0.003029496388
3	2494	0.203	0.002264008488
3	2580	0.209	0.000547193762
3	2608	0.211	0.000850043549
3	2885	0.234	0.002805682542
3	3165	0.258	0.000651608058
3	3270	0.265	0.00354924466
3	3377	0.274	0.000819829821
3	3532	0.288	0.003464435278
3	3774	0.308	0.001579180795
3	3775	0.308	0.001392566504
3	4096	0.333	0.002141873681
3	4097	0.333	0.001791977873
3	4202	0.341	4.4916295e-05
3	4351	0.352	0.003732313964
3	4416	0.357	0.001322031308
3	4466	0.361	0.001480227039
3	4744	0.384	0.002392195885
3	4760	0.385	0.001837352337
3	4786	0.387	0.000539063938
3	4810	0.389	0.001660615695
3	4849	0.392	0.000272744119
3	4954	0.4	0.004526865272
3	4955	0.4	0.001558016034
3	4956	0.4	0.00096627757
3	4982	0.402	0.004059942914
3	5182	0.419	0.000719484817
3	5412	0.437	0.001262814271
3	5495	0.443	0.003735965043
3	5496	0.443	0.002841902286
3	5716	0.461	0.004079042736
3	5768	0.465	0.001312106407
3	5872	0.473	0.004962422994
3	6059	0.49	0.001540897879
3	6135	0.496	0.000605782516
3	6513	0.528	0.0033059937
3	6665	0.54	0.002171580643
3	6803	0.552	0.000538728552
3	6984	0.567	0.000867752011
3	7358	0.599	0.00141776811
3	7487	0.61	0.002161005292
3	7524	0.613	0.0001832489
3	7596	0.619	0.000322330981
3	7618	0.62	0.000697366519
3	7673	0.624	0.003445357152
3	7808	0.635	0.003554888925
3	8179	0.665	0.003427938194
3	8230	0.669	0.000684062152
3	8668	0.705	0.001051191329
3	8823	0.718	0.003984601188
3	8899	0.724	0.0027772164
3	9249	0.754	0.00024127051
3	9489	0.774	0.002569875511
3	9620	0.785	0.003843545134
3	9671	0.789	0.001055963024
3	9700	0.791	0.002438593749
3	10014	0.817	0.004663543549
3	10385	0.847	0.002951032678
3	10397	0.848	0.002321476625
3	10536	0.859	0.003389796728
3	10561	0.861	0.000374803303
3	10772	0.878	0.003958788486
3	10773	0.878	0.002502622135
3	10823	0.882	0.00036557003
3	11079	0.904	0.000378533242
3	11519	0.942	0.000296303542
3	11580	0.947	0.002002979436
3	11656	0.953	0.003414501258
3	11727	0.959	0.0011963145
3	12017	0.983	0.00255002064
3	12118	0.991	0.003023799902
3	12180	0.996	0.003032927529
3	12291	1.005	0.003490657056
3	12347	1.01	0.003038156309
3	12496	1.022	0.003498320343
3	12562	1.027	0.002569855319
3	12747	1.041	0.004455262909
3	12748	1.041	0.003817789027
3	12749	1.041	0.002240545277
3	13478	1.103	0.002675564552
3	13528	1.107	0.003761934457
3	13565	1.11	0.001668164423
3	13613	1.114	0.003600502654
3	13856	1.135	0.002514684219
3	14057	1.152	0.003282067454
3	14544	1.191	0.002228923878
3	14638	1.198	0.001022965963
3	14780	1.21	0.002864812733
3	14929	1.222	0.002796554026
3	15117	1.238	0.001526458234
3	15213	1.246	0.004125245799
3	15252	1.249	0.001639175574
3	15433	1.263	0.001798742677
3	15434	1.263	0.000769273076
3	15491	1.268	0.000811362832
3	15940	1.305	0.000308712039
3	15977	1.308	0.000752024472
3	16111	1.319	0.003824824194
3	16112	1.319	0.000376474711
3	16212	1.327	0.001098761671
3	16301	1.334	0.003698392854
3	16708	1.369	0.001129385284
3	16831	1.379	0.003263596291
3	16845	1.38	0.004455192
3	17052	1.397	0.002013387675
3	17067	1.398	0.002476370082
3	17079	1.399	0.003104960309
3	17100	1.401	0.003966705378
3	17282	1.416	0.002604517479
3	17436	1.429	0.00338343329
3	17774	1.457	0.00126264235
3	17824	1.461	0.002105811345
3	17825	1.461	0.001941994375
3	17948	1.47	0.000197957777
3	17963	1.471	0.002114362377
3	18005	1.474	0.000504589401
3	18055	1.478	0.00145680876
3	18190	1.489	0.004754453006
3	18395	1.506	0.002208983416
3	18522	1.516	0.001977075994
3	18620	1.524	0.002253092499
3	18665	1.528	0.002680292307
3	18776	1.537	0.004823382054
3	19079	1.562	0.001255246236
3	19107	1.564	0.001017580175
3	19309	1.582	0.002626098494
3	19347	1.585	0.002719452185
3	19348	1.585	0.001290122121
3	19713	1.614	0.003978908127
3	20062	1.642	0.003727423312
3	20084	1.644	0.000698416095
3	20107	1.646	0.004812355093
3	20285	1.66	0.003612633
3	20340	1.664	0.002545403798
3	20406	1.669	0.002637999341
3	20669	1.692	9.4911352e-05
3	20995	1.72	0.001566462224
3	21056	1.725	0.004912103941
3	21084	1.727	0.001256271204
3	21418	1.755	0.001380502952
3	21753	1.782	0.001829440233
3	21927	1.796	0.003531336906
3	22031	1.804	0.000733594855
3	22240	1.821	0.002440370922
3	22388	1.833	0.003830907333
3	22418	1.835	0.000293781966
3	22533	1.845	0.00114368106
3	22622	1.852	0.004335216359
3	22885	1.872	0.000600300334
3	23149	1.893	0.003056394452
3	23172	1.895	0.002811164689
3	23301	1.906	0.0016345268
3	23427	1.916	0.001094467565
3	23698	1.939	7.6165918e-05
3	23748	1.943	0.001727591888
3	23850	1.951	0.001884896704
3	23985	1.961	0.004439669739
3	23986	1.961	0.003685990837
3	24133	1.973	0.00106311597
3	24225	1.98	0.00135730272
3	24753	2.024	0.003905456885
3	24754	2.024	0.001407945012
3	25082	2.051	0.000555523058
3	25319	2.07	0.003098025796
3	25400	2.077	0.002680137424
3	25836	2.113	0.002736572667
3	25894	2.117	0.000411559077
3	26195	2.142	0.001583762775
3	26343	2.154	0.004287615313
3	26388	2.157	0.002774540016
3	26717	2.185	0.001273335616
3	26873	2.198	0.002749323415
3	27110	2.217	0.003713089627
3	27177	2.222	0.000992224682
3	27317	2.233	0.001867445277
3	27435	2.242	0.001632179631
3	27511	2.248	0.003792937888
3	27599	2.256	0.00295782867
3	27714	2.265	0.003835764468
3	27843	2.275	0.002418600999
3	27973	2.286	0.000152459689
3	28057	2.292	0.003165744212
3	28114	2.296	0.001498317019
3	28158	2.299	0.003669790564
3	28295	2.31	0.003733098532
3	28375	2.316	0.004518339437
3	28421	2.32	0.000348413414
3	28576	2.333	0.002051320078
3	28978	2.367	0.002155009444
3	29147	2.382	0.003237329585
3	29377	2.402	0.00399490691
3	29593	2.42	0.003691495394
3	29730	2.431	0.000148752881
3	29793	2.436	0.000672378162
3	29852	2.441	0.000140162059
3	29888	2.444	0.003279835893
3	29902	2.445	0.001436750178
3	30005	2.453	0.001658021118
3	30006	2.453	0.000549837162
3	30064	2.457	0.002704518663
3	30250	2.471	0.000607194879
3	30313	2.476	0.00140366664
3	30596	2.499	0.002162964206
3	30815	2.518	0.002250922686
3	30882	2.523	0.001288164011
3	31010	2.533	0.00230081203
3	31139	2.544	0.000918484245
3	31202	2.549	0.00302905427
3	31243	2.552	0.002702003242
3	31489	2.572	0.002516689731
3	31723	2.591	7.0099851e-05
3	31725	2.591	0.000218590529
3	31862	2.603	0.000615636433
3	31973	2.612	0.000398897362
3	32215	2.634	2.8775918e-05
3	32324	2.643	0.000805619569
3	32391	2.648	0.000149218354
3	32427	2.651	0.000971320593
3	32529	2.659	0.002306725661
3	32654	2.67	0.000964054831
3	32694	2.673	0.003135466687
3	32922	2.691	0.00272481855
3	33135	2.708	6.105399e-06
3	33670	2.749	0.002412497978
3	33808	2.761	0.002703412792
3	34047	2.78	0.003236700576
3	34092	2.783	0.003414837309
3	34102	2.784	0.004479591577
3	34137	2.787	0.005156018405
3	34192	2.791	0.002916062109
3	34369	2.806	0.002325223864
3	34899	2.852	0.001313047058
3	34955	2.856	0.003068374715
3	35223	2.878	0.002511561726
3	35324	2.886	0.001382301625
3	35368	2.889	0.000431200476
3	35463	2.896	0.000906303178
3	35608	2.908	0.002881067933
3	35702	2.915	0.002980977398
3	35739	2.918	0.001137943171
3	36077	2.946	0.00039202459
3	36591	2.988	0.001125246971
3	36887	3.011	0.001853042079
3	36980	3.019	0.001091705118
3	37037	3.024	0.002229366971
3	37063	3.026	0.001586575961
3	37183	3.036	0.002133352573
3	37813	3.086	0.001914435127
3	37852	3.089	0.003782755969
3	38085	3.108	8.7218734e-05
3	38192	3.116	0.002618437492
3	38193	3.116	0.000730905678
3	38483	3.14	0.002447371513
3	38526	3.143	0.001216299466
3	38786	3.165	0.000687817948
3	38865	3.171	0.002798672124
3	38958	3.179	0.001190987044
3	39127	3.192	0.002801369814
3	39242	3.201	0.003133790616
3	39279	3.204	0.001511416333
3	39280	3.204	0.001222414211
3	39331	3.208	0.002210284528
3	39397	3.213	0.00228285831
3	39451	3.217	0.002428988308
3	39839	3.248	0.003001714023
3	39942	3.256	0.002748936308
3	40236	3.28	0.00385916634
3	40248	3.281	0.003283931565
3	40558	3.307	0.001184127979
3	40607	3.311	0.002822549412
3	40694	3.317	0.000153313607
3	40741	3.321	0.003173426656
3	41205	3.36	0.000760300759
3	41256	3.364	0.000662115137
3	41327	3.37	0.00189113738
3	41536	3.387	0.001549564051
3	41551	3.388	0.000465820799
3	41679	3.398	0.000595973004
3	42087	3.433	0.001733637361
3	42784	3.492	0.001035987001
3	42807	3.494	0.00337251851
3	43082	3.516	0.000886998391
3	43291	3.532	0.000401641182
3	43556	3.553	0.001415458164
3	43820	3.575	0.002834960096
3	43913	3.582	0.001334632789
3	44154	3.602	0.002473181022
3	44155	3.602	0.001561762542
3	44419	3.623	9.6660234e-05
3	44432	3.624	0.002925100247
3	44533	3.632	0.003383454735
3	44605	3.638	0.003577238296
3	44659	3.642	0.001763698873
3	44906	3.663	0.002844939486
3	44943	3.666	0.002124309356
3	45063	3.675	0.002982267396
3	45152	3.682	0.001131880268
3	45204	3.686	0.001456480384
3	45264	3.691	0.004278970607
3	45266	3.691	0.005770305425
3	45413	3.703	0.003213238091
3	45953	3.747	0.003531243127
3	45954	3.747	0.001752628564
3	46028	3.753	0.001186123795
3	46242	3.771	0.001307897238
3	46260	3.772	0.000965627322
3	46307	3.776	0.004692075549
3	46391	3.783	0.002574859148
3	46583	3.798	0.001201850928
3	46685	3.807	0.003902471317
3	46760	3.813	0.000121849196
3	46812	3.817	0.002633583713
3	46862	3.821	0.003535567404
3	46926	3.826	0.001664868008
3	47058	3.837	0.001257869724
3	47105	3.841	0.001909948941
3	47254	3.853	0.004080859072
3	47367	3.862	0.002254457807
3	47592	3.88	0.002372465596
3	47693	3.888	0.002146289515
3	47951	3.909	0.001251908306
3	47965	3.91	0.001986927709
3	48081	3.919	0.004757866208
3	48082	3.919	0.00321998654
3	48084	3.919	0.004254298354
3	48139	3.923	0.003772524646
3	48140	3.923	0.001006644754
3	48153	3.924	0.002937938073
3	48206	3.928	0.003010728161
3	48357	3.94	0.003415579792
3	48424	3.945	0.003583026509
3	48704	3.968	0.001766859501
3	48718	3.969	0.003202560783
3	48779	3.974	0.001895267824
3	48943	3.988	0.003351840084
3	49200	4.009	0.004657137958
3	49313	4.018	0.004615269354
3	49356	4.022	0.007445903906
3	49357	4.022	0.007307654335
3	49410	4.026	0.002074552812
3	49898	4.065	0.003784355216
3	49965	4.07	9.7093509e-05
3	50079	4.079	0.004647977983
3	50081	4.079	0.002948198552
3	50082	4.079	0.001034353469
3	50145	4.084	0.000456493932
3	50326	4.099	0.003807970122
3	50868	4.145	0.004551236401
3	50942	4.151	0.004218281534
3	50965	4.153	0.003071880656
3	50994	4.155	0.004034695317
3	51037	4.158	0.002547049548
3	51079	4.161	0.001550669277
3	51954	4.233	0.001830329265
3	52035	4.24	0.001076007749
3	52662	4.293	0.002908853291
3	52828	4.307	0.000600000968
3	52948	4.317	0.000809831003
3	52989	4.32	0.002961234805
3	53214	4.339	0.001394463324
3	53327	4.347	0.002983172643
3	53328	4.347	0.002747982437
3	54177	4.419	0.002013319603
3	54271	4.427	0.000926863189

